ireland  (727,209)  (724,203)  (731,196)  (723,214)  (712,228)
North western Europe  (961,380)  (964,421)  (960,401)  (953,392)  (946,391)  (969,371)  (981,350)  (993,344)  (1022,338)  (1040,325)  (1060,317)  (1078,279)
North Yunnan  (2141,734)  (2165,770)  (2106,698)  (2177,729)
35  (2103,1159)  (2138,1195)  (2102,1195)  (2074,1123)  (2110,1123)  (2139,1159)  (2146,1116)  (2174,1195)  (2074,1087)  (2110,1087)  (2074,1051)  (2110,1051)  (2146,1038)  (2074,1015)  (2110,1015)  (2249,1150)  (2256,1186)  (2074,979)  (2074,943)
36  (2287,1419)  (2240,1406)  (2212,1368)  (2198,1329)  (2305,1417)  (2374,1377)
33  (1923,1233)  (1887,1268)  (1887,1232)  (1958,1269)  (1923,1197)  (1959,1197)  (1959,1233)  (1885,1196)  (1851,1292)  (1851,1256)  (1994,1269)  (1921,1161)  (1957,1161)  (1993,1161)  (1995,1197)  (1995,1233)  (1849,1220)  (1849,1184)  (1885,1160)  (1837,1148)  (2029,1127)  (1815,1292)  (1815,1256)  (2030,1269)  (1921,1125)  (1957,1125)  (1993,1125)  (2031,1163)  (2031,1199)  (1813,1220)  (1813,1184)  (1873,1124)  (1801,1148)  (1801,1112)  (1837,1112)  (2029,1091)  (1779,1292)  (1779,1256)  (2066,1244)  (2066,1280)  (1909,1089)  (1945,1089)  (1981,1089)  (1777,1220)  (1777,1184)  (1765,1148)  (1765,1112)  (1765,1076)  (1801,1076)  (1837,1076)  (2017,1055)
34  (1977,1479)  (1941,1514)  (1941,1478)  (2012,1515)  (1977,1443)  (2013,1443)  (2013,1479)  (1939,1442)  (1976,1550)  (1940,1550)  (1905,1514)  (1905,1478)  (2048,1515)  (2048,1551)  (2012,1551)  (1904,1551)  (1975,1407)  (2011,1407)  (2047,1407)  (2049,1443)  (2049,1479)  (1903,1442)  (1903,1406)  (1939,1406)  (2083,1373)  (1976,1586)  (1940,1586)  (1869,1515)  (1869,1479)  (2084,1515)  (2084,1551)  (2084,1587)  (2048,1587)  (2012,1587)  (1904,1587)  (1868,1587)  (1868,1551)  (1975,1371)  (2011,1371)  (2047,1371)  (2085,1409)  (2085,1445)  (1867,1443)  (1867,1407)  (1867,1371)  (1903,1370)  (1939,1370)  (2083,1337)  (1976,1622)  (1940,1622)  (2117,1623)  (2081,1623)  (2045,1623)  (1904,1623)  (1868,1623)
39  (1925,1740)  (1889,1775)  (1889,1739)  (1960,1776)  (1925,1704)  (1961,1704)  (1961,1740)  (1887,1703)  (1853,1793)  (1853,1757)  (1996,1776)  (1923,1668)  (1959,1668)  (1995,1668)  (1997,1704)  (1997,1740)  (1851,1721)  (1851,1685)  (1887,1667)  (2031,1661)  (1817,1793)  (1817,1757)  (2032,1776)  (2033,1697)  (2033,1733)  (1815,1721)  (1815,1685)  (2067,1661)  (1781,1793)  (1781,1757)  (2068,1769)  (2069,1697)  (2069,1733)  (1779,1721)  (1779,1685)  (2103,1661)  (2104,1769)  (2105,1697)  (2105,1733)  (2139,1661)  (2140,1769)  (2141,1697)  (2141,1733)  (2175,1661)  (2176,1769)  (2177,1697)  (2177,1733)  (2211,1661)  (2212,1769)  (2213,1697)  (2213,1733)
Central USA  (3701,533)  (3685,497)  (3721,497)  (3705,461)  (3705,425)  (3687,389)  (3723,389)  (3687,353)  (3723,353)  (3687,317)  (3723,317)
38  (2338,1156)  (2373,1192)  (2337,1192)  (2374,1150)  (2409,1186)  (2409,1222)  (2373,1228)  (2337,1228)  (2410,1150)  (2439,1258)  (2445,1186)  (2445,1222)  (2403,1264)  (2446,1150)  (2475,1258)  (2475,1294)  (2439,1294)  (2481,1186)  (2481,1222)  (2511,1258)  (2511,1294)  (2517,1200)  (2547,1236)  (2547,1272)  (2547,1308)  (2553,1200)  (2583,1236)  (2583,1272)  (2583,1308)  (2589,1200)  (2619,1236)  (2619,1272)  (2619,1308)
France  (893,482)  (928,518)  (892,518)  (872,446)  (908,446)  (929,482)  (948,554)  (912,554)  (876,554)  (965,471)
Evenki National Okrug  (2051,181)  (2015,216)  (2015,180)  (2086,217)  (2051,145)  (2087,145)  (2087,181)  (2013,144)  (2050,252)  (2014,252)  (1979,216)  (1979,180)  (2122,217)  (2122,253)  (2086,253)  (2049,109)  (2085,109)  (2121,109)  (2123,145)  (2123,181)  (1977,144)  (1977,108)  (2013,108)  (2157,75)  (2050,288)  (2014,288)  (2049,73)  (2085,73)  (2121,73)  (2193,46)  (2193,82)  (2074,324)  (2038,324)  (2084,360)  (2048,360)  (2093,396)
Mongalia  (2175,525)  (2139,530)  (2139,494)  (2210,561)  (2211,506)  (2107,458)  (2103,523)  (2247,512)  (2071,487)  (2283,506)  (2035,500)  (2319,506)  (1999,469)
French Equatorial Africa  (1075,1161)  (1039,1145)  (1110,1197)  (1074,1197)  (1075,1125)  (1111,1125)  (1111,1161)  (1022,1109)  (1116,1233)  (1080,1233)  (1058,1089)  (1094,1089)  (1147,1131)  (986,1132)  (986,1096)  (1043,1053)  (1183,1120)  (1219,1117)
43  (2352,1081)  (2316,1114)  (2316,1078)  (2352,1045)  (2388,1045)  (2388,1081)  (2280,1114)  (2424,1013)  (2424,1049)  (2424,1085)  (2244,1114)  (2297,948)  (2211,1078)
Archangle  (1527,87)  (1491,122)  (1491,86)  (1562,123)  (1527,51)  (1563,51)  (1563,87)  (1526,158)  (1490,158)  (1455,122)  (1455,71)  (1454,159)  (1583,15)  (1599,51)  (1599,87)  (1519,194)  (1483,195)  (1635,16)  (1635,52)  (1635,88)  (1671,19)  (1671,55)
42  (2421,1540)  (2385,1575)  (2385,1539)  (2456,1576)  (2421,1504)  (2457,1504)  (2457,1540)  (2383,1503)  (2420,1611)  (2384,1611)  (2349,1575)  (2349,1539)  (2473,1612)  (2348,1612)  (2493,1491)  (2493,1527)  (2347,1503)  (2313,1576)  (2313,1540)  (2312,1625)  (2529,1491)  (2311,1504)  (2277,1589)  (2277,1553)  (2276,1625)  (2565,1485)  (2275,1517)  (2241,1589)  (2241,1553)  (2240,1625)  (2601,1449)  (2239,1517)  (2205,1589)  (2205,1553)  (2204,1625)  (2637,1413)  (2203,1517)  (2169,1589)  (2169,1553)  (2168,1625)  (2673,1394)  (2167,1517)  (2768,1394)  (2802,1438)  (2804,1394)
41  (3042,1786)  (3006,1793)  (3006,1757)  (3042,1750)  (3078,1750)  (3078,1786)  (2984,1721)  (2970,1793)  (2970,1757)  (3020,1714)  (3056,1714)  (3092,1714)  (2934,1793)  (2998,1678)  (3034,1678)  (3070,1678)  (2826,1793)  (2790,1793)  (2790,1757)
40  (2395,1710)  (2359,1745)  (2359,1709)  (2430,1746)  (2395,1674)  (2431,1674)  (2431,1710)  (2357,1673)  (2394,1781)  (2358,1781)  (2323,1745)  (2323,1709)  (2466,1746)  (2466,1782)  (2430,1782)  (2322,1782)  (2467,1661)  (2467,1697)  (2321,1673)  (2502,1733)  (2502,1769)  (2503,1681)  (2538,1758)  (2574,1758)  (2610,1738)  (2610,1774)  (2646,1734)  (2646,1770)  (2682,1709)  (2682,1745)  (2682,1781)  (2718,1704)  (2718,1740)  (2718,1776)
Southeast Asia  (2212,961)  (2247,997)  (2211,997)  (2204,925)  (2240,925)  (2248,961)  (2283,1011)  (2247,1033)  (2293,880)
central america  (61,781)  (25,777)  (97,761)  (111,816)  (147,816)
Middle East  (1514,894)  (1478,929)  (1478,893)  (1549,930)  (1514,858)  (1550,867)  (1476,857)  (1513,965)  (1477,965)  (1442,914)  (1585,903)  (1585,939)  (1549,966)  (1440,878)  (1594,975)  (1513,1001)  (1621,927)  (1558,1002)  (1630,963)  (1602,1011)  (1522,1037)  (1657,920)  (1564,1038)  (1666,956)
Venzuala  (308,942)  (272,962)  (344,930)  (344,966)  (308,978)  (269,998)  (233,1012)  (380,956)  (272,1034)
Southern Poland  (1191,493)  (1184,529)  (1223,488)  (1194,475)  (1182,467)  (1184,493)  (1178,522)  (1166,533)  (1234,483)  (1244,482)  (1218,471)  (1212,503)  (1201,516)  (1186,527)  (1187,535)  (1174,535)  (1170,538)  (1159,529)  (1161,503)  (1176,475)
south china  (2247,709)  (2243,693)  (2261,685)  (2307,664)  (2222,710)  (2237,743)  (2353,629)  (2367,660)  (2390,682)  (2411,702)  (2360,611)
Baltic Statea  (1332,286)  (1335,264)  (1339,249)  (1312,274)  (1315,263)  (1312,246)  (1366,276)  (1364,258)  (1297,307)  (1313,300)  (1278,300)  (1301,322)
22  (1369,1684)  (1333,1719)  (1333,1683)  (1404,1720)  (1369,1648)  (1405,1648)  (1405,1684)  (1331,1647)  (1368,1755)  (1332,1755)  (1297,1719)  (1297,1683)  (1440,1720)  (1440,1756)  (1404,1756)  (1296,1756)  (1368,1791)  (1332,1791)  (1261,1720)  (1449,1792)  (1413,1792)  (1296,1792)  (1260,1792)  (1260,1756)  (1225,1720)  (1224,1793)  (1224,1757)
23  (1020,1653)  (984,1688)  (984,1652)  (1055,1689)  (1020,1617)  (1056,1617)  (1056,1653)  (982,1616)  (1019,1724)  (983,1724)  (948,1688)  (948,1652)  (1091,1689)  (1091,1725)  (1055,1725)  (947,1725)  (1018,1581)  (1054,1581)  (1090,1581)  (1092,1617)  (1092,1653)  (946,1616)  (946,1580)  (982,1580)  (1019,1760)  (983,1760)  (1127,1689)  (1127,1725)  (1127,1761)  (1091,1761)  (1055,1761)  (947,1761)  (1018,1545)  (1054,1545)  (935,1544)  (971,1544)  (1007,1509)  (1043,1509)  (935,1508)  (971,1508)  (1007,1473)  (1043,1473)  (935,1472)  (971,1472)  (1007,1437)  (1043,1437)  (935,1436)  (971,1436)
Turkey  (1412,659)  (1376,694)  (1440,695)  (1448,659)  (1340,726)  (1484,659)  (1520,645)
24  (761,1757)  (725,1792)  (725,1756)  (796,1793)  (761,1721)  (797,1721)  (797,1757)  (723,1720)  (689,1793)  (689,1757)  (832,1793)  (759,1685)  (795,1685)  (831,1685)  (833,1721)  (833,1757)  (687,1721)  (687,1685)  (723,1684)  (867,1651)  (653,1793)  (653,1757)  (868,1793)  (652,1649)  (759,1649)  (795,1649)  (831,1649)  (869,1687)  (869,1723)  (651,1721)  (651,1685)  (688,1648)  (617,1793)  (617,1757)  (616,1649)  (615,1721)  (615,1685)
25  (747,1506)  (711,1541)  (711,1505)  (782,1542)  (747,1470)  (783,1470)  (783,1506)  (709,1469)  (746,1577)  (710,1577)  (675,1541)  (675,1505)  (818,1542)  (818,1578)  (782,1578)  (674,1578)  (745,1434)  (781,1434)  (817,1434)  (819,1470)  (819,1506)  (673,1469)  (673,1433)  (709,1433)  (853,1433)  (639,1542)  (639,1506)  (854,1542)  (854,1578)  (638,1596)  (855,1469)  (855,1505)  (637,1470)  (637,1434)  (889,1433)  (603,1560)  (603,1524)  (890,1541)  (890,1577)  (602,1596)  (891,1469)  (891,1505)  (601,1488)  (601,1452)
26  (468,1703)  (432,1738)  (432,1702)  (503,1739)  (468,1667)  (504,1667)  (504,1703)  (430,1666)  (467,1774)  (431,1774)  (396,1738)  (396,1702)  (539,1739)  (539,1775)  (503,1775)  (395,1775)  (466,1631)  (502,1631)  (538,1631)  (540,1667)  (540,1703)  (394,1666)  (394,1630)  (430,1630)  (360,1739)  (360,1703)  (359,1793)  (466,1595)  (502,1595)  (538,1595)  (358,1667)  (396,1594)  (324,1757)  (324,1721)  (323,1793)  (432,1559)  (468,1559)  (504,1559)  (540,1559)  (322,1685)  (322,1649)  (396,1558)  (299,1613)  (288,1757)  (288,1721)  (287,1793)  (432,1523)  (468,1523)  (504,1523)  (540,1523)  (286,1685)  (286,1649)  (467,1737)  (429,1594)  (452,1668)  (454,1597)  (352,1707)  (353,1688)  (358,1771)  (405,1763)  (384,1769)  (464,1762)
27  (702,1320)  (666,1355)  (666,1319)  (737,1356)  (702,1284)  (738,1284)  (738,1320)  (664,1283)  (701,1391)  (665,1391)  (630,1355)  (630,1319)  (759,1392)  (629,1392)  (700,1248)  (736,1248)  (628,1283)  (628,1247)  (664,1247)  (594,1356)  (594,1320)  (593,1397)  (700,1212)  (736,1212)  (627,1211)  (663,1211)  (558,1361)  (557,1397)  (521,1397)
28  (923,1344)  (887,1379)  (887,1343)  (958,1380)  (923,1308)  (959,1308)  (959,1344)  (885,1307)  (851,1397)  (851,1361)  (994,1380)  (921,1272)  (957,1272)  (993,1272)  (995,1308)  (995,1344)  (849,1325)  (849,1289)  (885,1271)  (831,1253)  (815,1397)  (815,1361)  (1030,1380)  (921,1236)  (957,1236)  (993,1236)  (1031,1281)  (1031,1317)  (813,1325)  (813,1289)  (867,1235)  (795,1253)  (795,1217)  (831,1217)  (1066,1368)  (979,1200)
29  (529,884)  (493,919)  (493,883)  (564,920)  (529,848)  (565,848)  (565,884)  (491,847)  (528,955)  (492,955)  (584,956)  (456,950)  (527,812)  (480,811)  (548,991)  (512,991)  (584,992)  (548,1027)  (584,1028)  (664,1128)  (666,1164)
3  (441,546)  (405,581)  (405,545)  (476,582)  (441,510)  (477,510)  (477,546)  (403,509)  (440,617)  (404,617)  (512,582)  (512,618)  (476,618)  (513,506)  (513,542)  (440,653)  (404,653)  (539,654)  (503,654)  (467,689)  (431,689)  (539,690)  (503,690)  (467,725)  (539,726)  (503,726)
sibearia  (1962,5)  (1926,28)  (1980,41)  (1998,0)  (1890,27)  (2034,0)  (1854,19)  (2070,0)  (1818,16)  (2106,0)  (1782,16)  (2142,0)  (1746,1)  (2178,0)  (2214,0)  (2250,0)  (2286,0)  (2322,0)  (2358,0)  (2394,0)  (2494,0)  (2530,0)  (2566,0)  (2620,0)  (2656,0)
2  (274,810)  (238,845)  (238,809)  (309,846)  (274,774)  (310,774)  (310,810)  (236,773)  (251,881)  (215,881)  (345,846)  (345,882)  (272,738)  (308,738)  (344,738)  (346,774)  (346,810)  (200,790)  (200,754)  (236,737)  (181,718)  (380,722)  (381,846)  (381,882)  (272,702)  (308,702)  (344,702)  (382,758)  (382,794)  (164,778)  (217,701)  (412,918)  (417,830)  (417,866)  (418,755)  (418,791)
Hawiian islands  (3286,916)  (3268,884)  (3287,924)  (3339,1021)  (3248,1017)  (3248,1015)  (3339,1013)  (3341,1017)  (3347,1025)  (3267,888)  (3251,887)  (3291,916)  (3293,946)
iceland  (703,23)  (734,24)  (749,24)  (758,24)  (717,29)  (723,48)
1  (280,547)  (244,582)  (244,546)  (315,583)  (280,511)  (316,511)  (316,547)  (279,618)  (342,619)  (288,475)  (324,475)  (182,645)  (243,653)  (301,439)  (337,439)  (170,609)  (146,653)  (134,617)  (130,581)  (110,653)  (98,617)  (79,689)  (74,653)  (62,617)  (60,725)  (43,689)  (38,653)  (26,617)
Belgian Congo  (1218,1207)  (1182,1242)  (1182,1206)  (1253,1243)  (1218,1171)  (1254,1171)  (1254,1207)  (1217,1278)  (1181,1278)  (1264,1279)  (1228,1314)
Mexico  (3683,664)  (3718,700)  (3649,628)  (3685,628)  (3719,664)  (3736,736)  (3620,592)
30  (627,874)  (660,910)  (624,910)  (620,838)  (656,838)  (663,874)  (660,946)  (624,946)  (672,982)  (636,982)  (675,1018)  (639,1018)  (677,1054)  (703,1090)  (733,1126)  (769,1147)  (733,1162)  (860,1163)  (916,1164)  (824,1166)
7  (939,31)  (903,66)  (903,30)  (974,67)  (975,0)  (938,102)  (1010,36)  (1010,72)  (974,103)  (1011,0)  (1015,108)  (1046,36)  (1046,72)  (1047,0)  (1082,36)  (1082,72)  (1083,0)  (1118,36)  (1119,0)  (1154,36)  (1155,0)
6  (632,81)  (596,116)  (596,80)  (667,117)  (632,45)  (668,45)  (668,81)  (594,44)  (560,149)  (560,113)  (703,117)  (630,9)  (666,9)  (702,9)  (704,45)  (704,81)  (558,77)  (594,8)  (738,0)  (524,149)  (739,117)  (740,36)  (740,72)  (774,0)  (488,149)  (775,108)  (776,36)  (776,72)  (810,0)  (452,141)  (812,36)  (812,72)  (416,105)  (361,50)
5  (546,264)  (510,299)  (510,263)  (581,300)  (546,228)  (582,228)  (582,264)  (508,227)  (474,301)  (474,265)  (544,192)  (580,192)  (472,229)  (472,193)  (508,191)  (438,287)  (410,171)  (402,286)  (348,109)  (318,14)  (208,39)  (202,172)  (188,136)  (186,100)  (152,163)  (150,127)  (150,91)  (114,144)  (114,108)
32  (64,918)  (28,953)  (28,917)  (99,954)  (64,882)  (100,882)  (100,918)  (26,881)  (63,989)  (27,989)  (135,954)  (135,990)  (99,990)  (0,845)  (36,845)  (63,1025)  (27,1025)  (171,959)  (171,995)  (135,1026)  (99,1026)  (63,1061)  (27,1061)  (107,1062)  (71,1097)  (35,1097)
Mozambique  (1383,1432)  (1333,1539)
4  (477,395)  (461,394)  (489,429)  (524,388)  (574,374)  (409,419)  (567,429)  (444,355)  (451,417)  (504,441)  (545,466)  (542,434)  (541,433)  (542,431)  (546,390)  (554,392)  (596,406)  (589,418)  (589,418)  (589,418)  (589,418)  (590,446)  (590,446)  (590,446)  (590,446)  (592,462)  (592,462)  (562,465)  (562,465)  (507,465)  (493,461)  (466,454)  (443,459)  (398,457)  (406,370)  (545,341)  (503,351)  (506,406)
31  (46,1318)  (10,1353)  (10,1317)  (81,1354)  (46,1282)  (82,1282)  (82,1318)  (8,1281)  (45,1389)  (9,1389)  (117,1354)  (117,1390)  (81,1390)  (44,1246)  (80,1246)  (116,1246)  (118,1282)  (118,1318)  (0,1245)  (152,1212)  (45,1425)  (9,1425)  (153,1354)  (153,1390)  (153,1426)  (117,1426)  (81,1426)  (36,1210)  (72,1210)  (108,1210)  (154,1248)  (154,1284)  (0,1209)  (144,1176)  (180,1176)  (188,1212)  (45,1461)  (9,1461)  (189,1320)  (189,1356)  (189,1392)  (189,1428)  (153,1462)  (117,1462)  (81,1462)  (36,1174)  (72,1174)  (108,1174)  (190,1248)  (190,1284)  (0,1173)  (191,1464)
9  (980,193)  (944,228)  (944,192)  (1015,229)  (980,157)  (1016,157)  (1016,193)  (942,156)  (979,264)  (908,230)  (908,194)  (1035,265)  (906,158)  (993,300)
8  (674,405)  (638,440)  (638,404)  (709,441)  (674,369)  (710,369)  (710,405)  (636,368)  (672,333)  (708,333)  (626,332)  (662,297)  (698,297)  (626,296)  (734,278)  (662,261)  (626,260)  (626,224)  (794,210)  (662,196)  (626,188)
Morocco/Algeria  (910,825)  (874,847)  (874,811)  (945,861)  (910,789)  (946,789)  (946,825)  (838,827)  (981,861)  (981,897)  (982,767)  (982,803)  (804,791)  (1017,865)
17  (1388,604)  (1352,627)  (1352,591)  (1424,585)  (1455,621)
18  (1618,1137)  (1582,1172)  (1582,1136)  (1653,1173)  (1618,1101)  (1654,1101)  (1654,1137)  (1580,1100)  (1617,1208)  (1581,1208)  (1546,1172)  (1689,1173)  (1545,1208)  (1616,1065)  (1652,1065)  (1688,1065)  (1690,1101)  (1690,1137)  (1671,1029)  (1702,882)  (1626,881)  (1595,844)
15  (1147,765)  (1111,800)  (1152,729)  (1183,765)  (1093,764)  (1091,728)  (1232,790)  (1055,714)  (1044,678)  (1268,768)  (1019,714)  (1017,642)  (1008,678)
16  (1337,799)  (1373,774)
Anglo-Egyption Sudan  (1330,1050)  (1294,1085)  (1294,1049)  (1351,1086)  (1330,1014)  (1366,1014)  (1366,1050)  (1294,1013)  (1315,1121)  (1258,1082)  (1330,978)  (1366,978)  (1402,993)
13  (627,595)  (591,630)  (591,594)  (662,631)  (627,559)  (663,559)  (663,595)  (589,558)  (626,666)  (590,666)  (679,667)  (625,523)  (661,523)  (697,523)  (699,559)  (575,522)  (733,506)  (643,702)  (607,702)  (691,703)  (727,737)  (655,738)  (619,738)  (583,738)  (691,739)  (737,773)  (655,774)  (619,774)  (583,774)  (701,775)
14  (904,709)  (868,734)  (876,673)  (912,673)  (940,709)  (948,665)  (832,746)  (932,629)
Switzerland  (1023,514)  (1015,512)  (1000,509)  (991,510)  (1040,518)  (1064,526)  (978,512)
11  (1206,266)  (1170,301)  (1226,302)  (1217,230)  (1253,231)  (1222,194)  (1219,158)  (1091,235)
12  (1426,0)  (1522,0)
21  (1654,1382)  (1618,1417)  (1618,1381)  (1689,1418)  (1654,1346)  (1690,1346)  (1690,1382)  (1616,1345)  (1653,1453)  (1617,1453)  (1582,1417)  (1582,1381)  (1725,1418)  (1725,1454)  (1689,1454)  (1652,1310)  (1688,1310)  (1726,1328)  (1726,1364)  (1580,1345)  (1580,1309)  (1616,1309)  (1550,1454)  (1653,1489)  (1617,1489)  (1546,1418)  (1546,1382)  (1761,1400)  (1761,1436)  (1761,1472)  (1725,1490)  (1689,1490)  (1652,1274)  (1688,1274)  (1762,1328)  (1762,1364)  (1544,1346)  (1544,1310)  (1544,1274)  (1580,1273)  (1616,1273)  (1779,1508)  (1653,1525)  (1617,1525)  (1797,1400)  (1797,1436)  (1797,1472)  (1743,1526)  (1707,1526)  (1798,1328)  (1798,1364)
20  (1449,1365)  (1484,1401)  (1448,1401)  (1423,1329)  (1459,1329)  (1485,1365)  (1495,1319)  (1504,1437)  (1468,1437)  (1432,1437)  (1435,1293)  (1471,1283)  (1504,1473)  (1468,1473)  (1432,1473)  (1469,1247)  (1396,1495)  (1497,1509)  (1461,1509)  (1425,1531)  (1389,1531)  (1446,1567)  (1410,1567)  (1374,1567)
Weatern Ukraine  (1378,484)  (1414,472)
South Yunnan  (2191,831)  (2227,821)
Formosa  (2403,905)  (2367,940)  (2438,941)  (2426,869)  (2439,905)  (2462,846)  (2402,976)  (2366,976)  (2474,941)  (2474,977)  (2438,977)  (2475,882)  (2460,810)  (2496,810)  (2498,846)  (2510,918)  (2510,954)  (2511,882)  (2468,774)
Auwei  (2120,606)  (2084,583)  (2155,642)  (2119,642)  (2156,595)
Korea  (2415,502)  (2379,537)  (2450,538)  (2385,466)  (2421,466)  (2451,502)  (2457,460)  (2464,574)  (2428,574)  (2387,430)  (2423,424)  (2493,459)  (2334,558)  (2460,610)  (2484,648)
Egypt  (1307,882)  (1342,918)  (1306,918)  (1295,846)  (1331,846)  (1343,882)
10  (791,366)  (788,343)  (796,388)  (793,432)  (801,457)  (814,487)  (827,493)  (837,353)  (867,349)  (922,350)  (925,302)  (918,344)  (898,358)  (827,360)  (786,480)  (826,505)
Eastern Poland  (1320,411)  (1316,447)  (1316,375)  (1352,360)
Yakut  (2160,368)  (2160,396)  (2149,430)  (2149,319)  (2151,336)  (2234,285)  (2218,314)  (2186,322)  (2196,354)  (2208,346)  (2225,245)  (2206,266)  (2188,292)  (2187,284)  (2131,310)  (2255,211)  (2308,159)  (2409,70)  (2441,103)  (2409,120)  (2380,153)  (2411,134)  (2421,89)  (2375,105)  (2351,128)  (2320,150)  (2295,184)  (2267,200)  (2256,229)  (2256,260)  (2293,210)  (2235,185)  (2212,174)  (2199,171)  (2187,202)  (2202,229)  (2256,128)  (2270,69)  (2338,67)  (2356,68)  (2379,71)  (2348,92)  (2307,84)  (2293,78)  (2282,107)  (2286,128)  (2318,124)  (2253,133)  (2258,160)  (2262,177)  (2212,144)  (2234,117)  (2468,82)  (2477,56)  (2502,56)  (2452,67)  (2442,44)
Philippine islands  (2573,1038)  (2537,1073)  (2537,1037)  (2608,1074)  (2609,1013)  (2572,1109)  (2536,1109)  (2501,1073)  (2501,1037)  (2644,1049)  (2644,1085)  (2608,1110)  (2500,1110)  (2645,1013)  (2655,1121)  (2572,1145)  (2536,1145)  (2680,1049)  (2680,1085)  (2619,1146)  (2681,1013)  (2691,1121)  (2691,1157)  (2655,1157)  (2716,1049)  (2716,1085)  (2717,1013)
italian french africa  (1401,1143)  (1365,1178)  (1436,1179)  (1405,1107)  (1437,1143)  (1441,1103)  (1400,1214)  (1364,1214)  (1329,1178)  (1472,1179)  (1473,1139)  (1426,1067)  (1311,1214)
Argentina  (352,1374)  (316,1409)  (316,1373)  (387,1410)  (352,1338)  (388,1338)  (388,1374)  (314,1337)  (351,1445)  (315,1445)  (423,1411)  (387,1446)  (424,1311)  (424,1347)  (348,1481)  (312,1481)  (348,1517)  (339,1553)
Bulgaria Romaina  (1259,572)  (1223,571)  (1281,608)  (1259,536)  (1295,536)
Alaska  (3343,38)  (3307,73)  (3378,74)  (3379,19)  (3271,97)  (3414,55)  (3415,19)  (3235,115)
Western Canada  (3563,95)  (3527,130)  (3527,94)  (3598,131)  (3563,59)  (3599,59)  (3599,95)  (3525,58)  (3562,166)  (3526,166)  (3491,130)  (3491,94)  (3634,131)  (3634,167)  (3598,167)  (3635,32)  (3635,68)  (3489,58)  (3490,193)  (3562,202)  (3526,202)  (3455,97)  (3670,104)  (3670,140)  (3670,176)  (3634,203)  (3598,203)  (3671,41)  (3679,212)  (3681,0)  (3562,238)  (3526,238)  (3706,77)  (3706,113)  (3706,149)  (3643,239)  (3607,239)  (3715,185)  (3715,221)  (3679,248)  (3717,0)  (3724,257)
Russia  (1696,272)  (1660,307)  (1660,271)  (1731,308)  (1696,236)  (1732,236)  (1732,272)  (1658,235)  (1695,343)  (1659,343)  (1624,307)  (1624,271)  (1767,308)  (1765,344)  (1623,344)  (1694,200)  (1730,200)  (1766,200)  (1768,236)  (1768,272)  (1622,235)  (1622,199)  (1658,199)  (1588,308)  (1588,272)  (1587,362)  (1694,164)  (1730,164)  (1586,236)  (1586,200)  (1599,163)  (1635,163)  (1552,326)  (1552,290)  (1671,128)  (1550,254)
Norway  (1106,130)  (1085,179)  (1162,96)  (1146,123)  (1200,47)  (1240,13)
Germany  (1043,446)  (1007,444)  (1078,482)  (1043,410)  (1079,410)  (1079,446)  (1114,482)  (1025,374)  (1061,374)  (1097,374)  (1115,410)  (1115,446)  (1133,356)
Eastern Canada  (258,280)  (222,315)  (222,279)  (285,316)  (258,244)  (294,244)  (294,280)  (186,307)  (186,271)  (238,208)  (274,208)  (310,208)  (330,244)  (346,192)  (162,235)  (253,172)  (289,172)  (366,228)  (126,267)  (126,231)  (239,136)  (402,234)  (105,195)  (90,274)  (90,238)  (69,202)  (59,83)  (58,166)  (54,277)  (54,241)  (43,130)  (33,205)  (260,53)  (24,47)  (60,47)  (23,94)  (22,169)  (18,277)  (18,241)  (7,133)
New Zealand  (3273,1739)  (3268,1669)  (3272,1700)  (3246,1641)  (3238,1605)  (3205,1581)  (3166,1592)  (3276,1773)  (3268,1756)  (3259,1748)  (3222,1792)  (3233,1795)  (3280,1774)  (3279,1780)  (3249,1743)  (3257,1682)  (3237,1642)  (3266,1643)  (3160,1582)
Japan  (2667,670)  (2683,654)  (2683,624)  (2686,574)  (2681,496)  (2638,693)
East indies  (2265,1324)  (2229,1359)  (2229,1323)  (2300,1360)  (2265,1288)  (2301,1288)  (2301,1324)  (2227,1287)  (2264,1395)  (2228,1395)  (2193,1359)  (2193,1323)  (2336,1360)  (2336,1396)  (2300,1396)  (2192,1396)  (2263,1252)  (2337,1301)  (2191,1287)  (2191,1251)  (2227,1251)  (2264,1431)  (2228,1431)  (2157,1360)  (2157,1324)  (2372,1337)  (2372,1373)  (2372,1409)  (2336,1432)  (2300,1432)  (2192,1432)  (2156,1432)  (2156,1396)  (2155,1288)  (2155,1252)  (2385,1445)  (2408,1347)  (2408,1383)  (2421,1419)  (2421,1455)  (2444,1347)  (2444,1383)  (2457,1419)  (2457,1455)  (2480,1347)  (2480,1383)  (2493,1419)  (2493,1455)  (2516,1347)  (2516,1383)  (2275,1394)  (2210,1425)
Angola  (1126,1380)  (1161,1416)  (1125,1416)  (1107,1344)  (1143,1344)  (1162,1380)
Iran  (1775,680)  (1755,716)  (1794,657)  (1789,665)  (1770,673)  (1755,684)  (1736,724)  (1744,749)  (1798,682)
there be dragons  (1608,1723)  (1578,1736)  (1550,1750)  (1540,1788)  (1526,1752)  (1504,1719)  (1499,1713)  (1499,1713)  (1510,1745)  (1506,1780)  (1506,1789)  (1569,1790)  (1599,1797)  (1636,1787)  (1696,1790)  (1733,1787)  (1739,1779)  (1729,1761)  (1731,1746)  (1727,1723)  (1731,1700)  (1724,1677)  (1674,1692)  (1694,1689)  (1627,1689)  (1655,1693)  (1662,1732)  (1647,1725)  (1685,1778)  (1698,1720)  (1695,1743)  (1644,1762)  (1610,1763)  (1580,1764)  (1689,1798)  (1611,1723)  (1598,1706)  (1584,1696)  (1587,1668)  (1548,1720)  (1554,1698)  (1550,1669)
Novosibirsk  (1924,356)  (1888,391)  (1888,355)  (1959,392)  (1924,320)  (1960,320)  (1960,356)  (1852,376)  (1995,395)  (1959,428)  (1816,369)  (2031,417)
Iraq  (1654,730)  (1618,765)  (1618,729)  (1689,766)  (1654,694)  (1690,694)  (1690,730)  (1616,693)  (1653,801)  (1582,782)  (1582,746)  (1701,802)  (1652,658)  (1580,710)  (1580,674)  (1616,657)
Italy  (1041,573)  (994,556)  (1059,622)  (1049,607)  (1043,577)  (1032,554)  (1088,673)  (1076,651)  (1068,636)
madagascar  (1506,1589)  (1511,1625)  (1475,1625)  (1497,1553)  (1533,1553)  (1492,1661)
India  (1868,841)  (1832,876)  (1832,840)  (1903,877)  (1868,805)  (1904,805)  (1904,841)  (1830,804)  (1867,912)  (1831,912)  (1796,876)  (1796,840)  (1939,877)  (1922,913)  (1866,769)  (1902,769)  (1940,781)  (1940,817)  (1794,804)  (1796,768)  (1886,948)  (1850,948)  (1760,854)  (1975,853)  (1832,733)  (1868,733)  (1976,791)  (1758,818)  (1894,984)  (1858,984)  (2011,827)  (1891,1020)
Greenland  (460,12)  (424,43)  (424,7)  (481,48)  (496,0)  (484,84)
South africa  (1192,1558)  (1156,1593)  (1156,1557)  (1227,1594)  (1192,1522)  (1228,1522)  (1228,1558)  (1154,1521)  (1191,1629)  (1263,1594)  (1263,1630)  (1227,1630)  (1190,1486)  (1264,1544)  (1118,1501)  (1154,1485)
Western USA  (3561,367)  (3525,402)  (3525,366)  (3596,403)  (3561,331)  (3597,331)  (3597,367)  (3523,330)  (3560,438)  (3524,438)  (3489,402)  (3489,366)  (3632,403)  (3632,439)  (3596,439)  (3633,310)  (3633,346)  (3560,474)  (3524,474)  (3668,431)  (3649,475)  (3613,475)  (3649,511)  (3613,511)
Szechwan  (1971,573)  (1971,573)  (1957,579)  (1933,597)  (1891,603)  (1890,603)  (1933,547)  (1936,526)  (1990,541)  (1977,521)  (1997,592)  (2021,634)  (2059,655)  (2036,613)  (2000,630)  (1979,626)  (1959,609)
67  (3208,939)  (3182,1003)  (3210,1056)  (3173,962)  (3156,879)  (3162,1090)  (3363,1097)  (3366,884)  (3366,916)  (3366,947)  (3364,980)  (3366,1063)  (3386,1027)  (3386,1006)  (3349,1124)  (3346,1109)  (3309,1100)  (3284,1102)  (3247,1098)  (3205,1098)  (3173,1095)  (3196,1094)  (3248,1107)  (3233,1098)  (3335,1104)  (3343,1071)  (3330,1060)  (3313,1066)  (3294,1030)  (3291,1064)  (3230,1059)  (3266,1063)  (3294,998)  (3251,962)  (3210,945)  (3249,968)  (3234,957)  (3277,985)  (3321,967)  (3342,970)  (3344,933)  (3350,887)  (3333,880)  (3345,916)  (3234,930)  (3198,900)  (3186,878)  (3203,864)  (3159,896)  (3159,926)  (3156,963)  (3157,994)  (3143,1040)  (3165,1025)  (3151,1062)  (3194,974)  (3204,986)  (3205,1017)  (3204,1046)  (3193,1053)
66  (3667,1024)  (3631,1059)  (3631,1023)  (3702,1060)  (3667,988)  (3703,988)  (3703,1024)  (3629,987)  (3666,1095)  (3630,1095)  (3736,1096)  (3665,952)  (3701,952)  (3627,951)  (3663,916)  (3699,916)  (3735,916)  (3627,915)  (3663,880)  (3699,880)  (3735,880)  (3593,879)  (3629,844)  (3665,844)  (3701,844)  (3557,843)  (3593,843)  (3629,808)  (3665,808)  (3701,808)  (3537,807)  (3573,807)  (3609,772)  (3645,772)  (3537,771)  (3573,771)  (3609,736)  (3645,736)  (3537,735)  (3573,735)  (3609,700)  (3537,699)  (3573,699)  (3537,663)
68  (1629,1690)  (1629,1721)  (1624,1742)  (1601,1759)  (1579,1767)  (1547,1742)  (1546,1721)  (1587,1698)
Eastern USA  (147,476)  (158,513)  (188,521)  (195,500)  (198,480)  (226,439)  (224,465)  (207,452)  (203,416)  (203,406)  (155,410)  (171,404)  (168,395)  (168,437)  (166,462)  (151,461)  (134,446)  (91,438)  (57,433)  (18,436)  (47,425)  (62,394)  (64,376)  (84,343)  (103,362)  (99,395)  (95,418)  (105,455)  (114,490)  (125,512)  (105,540)  (83,523)  (77,490)  (69,476)  (64,465)  (39,471)  (53,509)  (98,538)  (149,522)  (252,404)  (250,415)
Sweeden  (1218,95)  (1181,131)  (1172,167)  (1145,203)  (1149,239)
Borneo  (2410,1219)
Vologda  (1855,180)  (1819,167)  (1890,216)  (1854,216)  (1855,144)  (1891,144)  (1891,180)  (1805,131)  (1926,242)  (1890,252)  (1854,252)  (1841,108)  (1877,108)  (1913,108)  (1769,128)  (1805,95)  (1766,92)  (1865,288)  (1829,288)  (1891,72)  (1802,59)  (1730,81)
East Ukraine  (1484,409)  (1448,429)  (1504,445)  (1520,396)  (1412,429)
Libya  (1158,868)  (1122,896)  (1122,860)  (1193,904)  (1181,832)  (1194,868)  (1217,830)  (1086,889)  (1086,853)  (1229,904)  (1208,940)  (1230,866)
French West Africa  (812,1043)  (776,1078)  (776,1042)  (847,1079)  (812,1007)  (848,1007)  (848,1043)  (774,1006)  (811,1114)  (740,1055)  (883,1079)  (883,1115)  (847,1115)  (884,1024)  (738,1019)  (738,983)  (774,970)  (919,1060)  (919,1096)
Southeast Europe  (1167,601)  (1131,589)  (1202,637)  (1118,553)  (1202,673)
South west asia  (2107,858)  (2135,894)
Brazil  (393,1096)  (357,1121)  (357,1085)  (428,1132)  (393,1060)  (429,1060)  (429,1096)  (345,1049)  (321,1097)  (464,1132)  (464,1168)  (428,1168)  (381,1024)  (417,1024)  (453,1024)  (465,1068)  (285,1110)  (500,1104)  (500,1140)  (500,1176)  (464,1204)  (428,1204)  (422,988)  (508,1212)  (536,1092)  (536,1128)  (536,1164)  (472,1240)  (436,1240)  (544,1200)  (544,1236)  (508,1248)  (560,1272)  (572,1094)  (572,1130)  (472,1276)  (580,1166)  (580,1202)  (524,1284)  (608,1122)  (488,1312)  (483,1348)
Sahara  (1050,978)  (991,977)  (943,967)  (974,965)  (1099,971)  (1033,979)  (1026,979)  (1078,975)  (1138,998)  (1129,996)  (913,970)  (880,936)  (853,922)  (823,896)  (781,877)  (767,873)  (743,872)  (724,889)  (712,911)  (795,905)  (938,959)  (924,945)  (1171,1011)
South Kwangtung  (2360,818)  (2370,854)  (2341,782)  (2377,782)
Himalaya  (1958,697)  (1922,701)  (1922,665)  (1993,733)  (1886,674)  (2029,724)  (1850,665)  (2065,725)
59  (3190,537)  (3154,572)  (3154,536)  (3225,573)  (3190,501)  (3226,501)  (3226,537)  (3152,500)  (3189,608)  (3153,608)  (3261,573)  (3261,609)  (3225,609)  (3188,465)  (3224,465)  (3260,465)  (3262,501)  (3262,537)  (3132,464)  (3117,631)  (3189,644)  (3153,644)  (3290,645)  (3254,645)  (3168,429)  (3204,429)  (3240,429)  (3276,429)  (3132,428)  (3117,667)  (3218,680)  (3182,680)  (3290,681)  (3254,681)  (3168,393)  (3204,393)  (3240,393)  (3276,393)  (3132,392)  (3146,703)  (3110,703)  (3218,716)  (3182,716)  (3290,717)  (3254,717)  (3266,357)  (3146,739)  (3110,739)  (3218,752)  (3182,752)  (3290,753)  (3254,753)
North Kwangtung  (2318,720)  (2304,756)  (2354,723)  (2268,779)  (2279,815)  (2422,761)
57  (3038,1109)  (3002,1144)  (3002,1108)  (3073,1145)  (3038,1073)  (3074,1073)  (3074,1109)  (3000,1072)  (2966,1164)  (2966,1128)  (3036,1037)  (3072,1037)  (2964,1092)  (2964,1056)  (3000,1036)  (2948,1020)  (2930,1164)  (2930,1128)  (2928,1092)  (2928,1056)  (2912,1020)  (2894,1164)  (2894,1128)  (2892,1092)  (2892,1056)  (2876,1020)  (2858,1164)  (2858,1128)  (2856,1092)  (2856,1056)  (2840,1020)  (2822,1164)  (2822,1128)  (2820,1092)  (2820,1056)  (2804,1020)  (2786,1164)  (2786,1128)  (2784,1092)  (2784,1056)  (2768,1020)
56  (3181,1406)  (3145,1432)  (3145,1396)  (3181,1370)  (3217,1370)  (3217,1406)  (3134,1360)  (3170,1334)  (3206,1334)  (3242,1334)  (3253,1370)  (3253,1406)  (3132,1324)  (3278,1309)  (3168,1298)  (3204,1298)  (3240,1298)  (3289,1345)  (3289,1381)  (3289,1417)  (3132,1288)  (3276,1273)  (3312,1273)  (3314,1309)  (3168,1262)  (3204,1262)  (3240,1262)  (3132,1252)  (3276,1237)  (3312,1237)  (3168,1226)  (3204,1226)  (3240,1226)  (3132,1216)  (3276,1201)  (3312,1201)  (3168,1190)  (3204,1190)  (3240,1190)  (3132,1180)  (3276,1165)  (3312,1165)  (3168,1154)  (3204,1154)  (3240,1154)
Spain  (820,620)  (784,655)  (784,619)  (830,656)  (820,584)  (856,602)  (782,583)  (748,673)  (748,637)  (807,692)  (746,601)
55  (3359,1587)  (3323,1622)  (3323,1586)  (3394,1623)  (3359,1551)  (3395,1551)  (3395,1587)  (3321,1550)  (3358,1658)  (3322,1658)  (3287,1622)  (3287,1586)  (3425,1659)  (3286,1659)  (3357,1515)  (3393,1515)  (3285,1550)  (3285,1514)  (3321,1514)  (3389,1694)  (3353,1694)  (3251,1623)  (3251,1587)  (3425,1695)  (3317,1695)  (3281,1695)  (3250,1659)  (3357,1479)  (3393,1479)  (3249,1551)  (3249,1515)  (3249,1479)  (3285,1478)  (3321,1478)  (3245,1700)  (3389,1730)  (3353,1730)  (3215,1623)  (3215,1587)  (3425,1731)  (3317,1731)  (3281,1731)  (3214,1664)  (3213,1551)  (3213,1515)  (3213,1479)  (3245,1736)  (3209,1736)  (3209,1700)  (3389,1766)  (3353,1766)  (3179,1628)  (3179,1592)  (3353,1662)  (3305,1714)  (3299,1686)
North China  (2261,595)  (2225,630)  (2262,631)
64  (3674,1670)  (3638,1705)  (3638,1669)  (3709,1706)  (3674,1634)  (3710,1634)  (3710,1670)  (3636,1633)  (3673,1741)  (3637,1741)  (3602,1705)  (3602,1669)  (3736,1742)  (3601,1742)  (3672,1598)  (3708,1598)  (3600,1633)  (3600,1597)  (3636,1597)  (3700,1777)  (3664,1777)  (3566,1706)  (3566,1670)  (3736,1778)  (3628,1778)  (3592,1778)  (3565,1742)  (3672,1562)  (3708,1562)  (3564,1634)  (3564,1598)  (3564,1562)  (3600,1561)  (3636,1561)  (3556,1787)  (3530,1706)  (3530,1670)  (3529,1751)  (3528,1634)  (3528,1598)  (3528,1562)  (3520,1793)  (3494,1715)  (3494,1679)  (3493,1757)  (3492,1643)  (3492,1607)  (3492,1571)  (3484,1793)
65  (3657,1327)  (3621,1362)  (3621,1326)  (3692,1363)  (3657,1291)  (3693,1291)  (3693,1327)  (3619,1290)  (3656,1398)  (3620,1398)  (3585,1362)  (3585,1326)  (3728,1363)  (3728,1399)  (3692,1399)  (3584,1399)  (3655,1255)  (3691,1255)  (3727,1255)  (3729,1291)  (3729,1327)  (3583,1290)  (3583,1254)  (3619,1254)  (3656,1434)  (3620,1434)  (3736,1435)  (3700,1435)  (3584,1435)  (3655,1219)  (3691,1219)  (3727,1219)  (3566,1218)  (3602,1218)  (3664,1470)  (3628,1470)  (3736,1471)  (3700,1471)  (3592,1471)  (3638,1183)  (3674,1183)  (3710,1183)  (3566,1182)  (3602,1182)  (3664,1506)  (3628,1506)  (3736,1507)  (3700,1507)  (3592,1507)
62  (3470,992)  (3434,1027)  (3434,991)  (3505,1028)  (3470,956)  (3506,956)  (3506,992)  (3432,955)  (3469,1063)  (3433,1063)  (3541,1028)  (3541,1064)  (3505,1064)  (3468,920)  (3504,920)  (3540,920)  (3542,956)  (3542,992)  (3420,919)  (3469,1099)  (3433,1099)  (3577,1028)  (3577,1064)  (3577,1100)  (3541,1100)  (3505,1100)  (3456,884)  (3492,884)  (3578,936)  (3578,972)  (3420,883)
Australia  (2721,1560)  (2685,1595)  (2685,1559)  (2756,1596)  (2721,1524)  (2757,1524)  (2757,1560)  (2683,1523)  (2720,1631)  (2684,1631)  (2649,1595)  (2649,1559)  (2792,1596)  (2792,1632)  (2756,1632)  (2648,1632)  (2719,1488)  (2755,1488)  (2793,1497)  (2793,1533)  (2647,1523)  (2647,1487)  (2683,1487)  (2613,1596)  (2613,1560)  (2828,1569)  (2828,1605)  (2828,1641)  (2792,1668)  (2756,1668)  (2663,1668)  (2627,1668)  (2612,1632)  (2719,1452)  (2829,1508)  (2611,1524)  (2837,1677)  (2591,1689)  (2577,1596)  (2577,1560)  (2864,1544)  (2864,1580)  (2864,1616)  (2576,1653)  (2865,1465)  (2865,1501)  (2873,1652)  (2873,1688)  (2837,1713)  (2884,1724)  (2541,1617)  (2541,1581)
Peru  (295,1180)  (259,1187)  (330,1216)  (331,1165)  (251,1151)  (228,1115)  (366,1201)  (366,1237)  (360,1273)  (204,1079)
63  (3452,1348)  (3416,1383)  (3416,1347)  (3487,1384)  (3452,1312)  (3488,1312)  (3488,1348)  (3414,1311)  (3451,1419)  (3415,1419)  (3380,1383)  (3380,1347)  (3523,1384)  (3523,1420)  (3487,1420)  (3379,1420)  (3450,1276)  (3486,1276)  (3522,1276)  (3524,1312)  (3524,1348)  (3378,1311)  (3378,1275)  (3414,1275)  (3530,1456)  (3494,1456)  (3450,1240)  (3486,1240)  (3522,1240)  (3359,1239)  (3395,1239)  (3530,1492)  (3494,1492)  (3431,1204)  (3467,1204)  (3503,1204)  (3359,1203)  (3395,1203)  (3431,1168)  (3467,1168)  (3503,1168)  (3359,1167)  (3395,1167)
60  (3343,194)  (3307,224)  (3307,188)  (3343,158)  (3379,158)  (3379,194)  (3300,152)  (3271,224)  (3271,188)  (3415,156)  (3415,192)
Caucasus  (1526,516)  (1490,551)  (1490,515)  (1561,552)  (1547,480)  (1583,459)  (1597,582)  (1561,588)  (1590,423)
61  (3329,755)  (3364,791)  (3328,791)  (3326,719)  (3362,719)  (3365,755)  (3398,686)  (3400,791)  (3326,683)  (3362,683)  (3401,722)  (3398,650)  (3434,650)  (3434,686)  (3436,758)  (3436,794)  (3326,647)  (3362,647)  (3437,722)  (3398,614)  (3434,614)  (3470,614)  (3470,650)  (3470,686)  (3472,758)  (3472,794)  (3326,611)  (3362,611)  (3473,722)  (3398,578)  (3434,578)  (3470,578)  (3326,575)  (3362,575)  (3398,542)  (3434,542)  (3470,542)  (3326,539)  (3362,539)  (3398,506)  (3434,506)  (3326,503)  (3362,503)  (3398,470)  (3434,470)  (3326,467)  (3362,467)  (3398,434)  (3434,434)  (3326,431)  (3362,431)
karelia  (1378,182)  (1413,218)  (1358,146)  (1416,254)  (1346,110)  (1366,33)
49  (2855,773)  (2819,808)  (2819,772)  (2890,809)  (2855,737)  (2891,737)  (2891,773)  (2817,736)  (2926,809)  (2853,701)  (2889,701)  (2925,701)  (2927,737)  (2927,773)  (2810,700)  (2961,667)  (2962,809)  (2846,665)  (2882,665)  (2918,665)  (2963,703)  (2963,739)  (2810,664)  (2954,631)  (2990,631)  (2997,667)  (2998,775)  (2998,811)  (2999,703)  (2999,739)  (3026,631)  (3033,667)  (3034,775)  (3034,811)  (3035,703)  (3035,739)
Britain  (845,216)  (858,252)  (822,254)  (871,288)  (835,290)  (853,185)  (851,162)  (841,148)  (862,108)  (851,99)  (781,174)
New Guina  (2863,1278)  (2827,1266)  (2869,1314)  (2905,1292)
48  (2947,508)  (2911,543)  (2911,507)  (2982,544)  (2947,472)  (2983,472)  (2983,508)  (2909,471)  (2946,579)  (2910,579)  (2875,543)  (2875,507)  (3018,544)  (3018,580)  (2982,580)  (2874,580)  (3019,454)  (3019,490)  (2873,471)  (3022,418)  (2839,544)  (2839,508)  (3054,526)  (3054,562)  (2838,595)  (3055,454)  (3055,490)  (2837,472)  (3058,397)  (3022,382)  (3090,526)  (3090,562)  (3091,433)  (3091,469)  (3058,361)  (3094,361)  (3094,397)
West Russia  (1441,321)  (1405,356)  (1405,320)  (1476,357)  (1468,285)  (1477,321)  (1427,349)  (1455,362)
45  (2708,804)  (2718,769)  (2739,696)  (2743,757)  (2735,737)  (2774,773)  (2746,805)  (2753,796)  (2662,779)  (2673,811)  (2676,781)  (2697,735)  (2685,746)  (2676,753)  (2759,706)  (2770,680)  (2755,638)  (2753,588)  (2748,614)  (2744,652)  (2754,576)  (2735,574)  (2738,555)  (2754,529)  (2755,496)  (2752,459)  (2711,453)  (2691,429)  (2696,385)  (2696,357)  (2691,323)  (2656,304)  (2619,333)  (2628,392)  (2620,357)  (2609,479)  (2621,425)  (2611,447)  (2605,503)  (2606,539)  (2627,544)  (2584,532)  (2569,536)  (2557,556)  (2523,572)  (2516,574)  (2546,590)  (2583,588)  (2614,568)  (2622,607)  (2568,615)  (2542,623)  (2567,644)  (2606,635)  (2567,682)  (2595,650)  (2614,607)  (2593,618)  (2540,689)  (2527,720)  (2524,740)  (2652,789)  (2630,790)  (2616,777)  (2602,775)  (2590,743)  (2569,729)  (2548,715)
44  (2522,928)  (2508,886)  (2494,827)  (2491,791)  (2464,888)  (2476,876)  (2485,853)  (2504,887)  (2496,922)  (2484,957)  (2468,966)  (2449,921)  (2449,935)  (2404,944)  (2435,963)  (2394,967)  (2368,943)  (2388,919)
Finland  (1302,84)  (1291,48)  (1300,120)  (1304,156)  (1268,157)
47  (3138,231)  (3102,266)  (3102,230)  (3173,267)  (3138,195)  (3174,195)  (3174,231)  (3100,194)  (3137,302)  (3101,302)  (3066,266)  (3066,230)  (3209,267)  (3209,303)  (3173,303)  (3065,303)  (3136,159)  (3172,159)  (3210,174)  (3210,210)  (3030,267)  (3029,325)  (3151,100)  (3187,69)  (3151,64)  (3187,33)  (3151,28)  (3223,27)  (3259,23)
Afgahnistan  (1796,497)  (1760,532)  (1760,496)  (1831,533)  (1796,461)  (1832,461)  (1832,497)  (1758,460)  (1795,568)  (1759,568)  (1724,532)  (1724,496)  (1867,533)  (1723,569)  (1794,425)  (1830,425)  (1868,444)  (1868,480)  (1722,460)  (1722,424)  (1758,424)  (1788,604)  (1688,533)  (1688,497)  (1752,605)  (1716,605)  (1904,470)  (1686,461)  (1650,458)
Northern Poland  (1237,376)  (1201,411)  (1201,375)  (1272,412)  (1273,368)  (1273,448)  (1249,409)  (1237,406)  (1236,438)  (1263,453)  (1222,433)  (1189,417)
Sudan  (1475,751)  (1439,786)  (1510,787)  (1511,722)  (1424,822)
Buryatia  (2411,221)  (2375,256)  (2375,220)  (2446,257)  (2432,185)  (2447,221)  (2468,177)  (2410,292)  (2339,290)  (2339,254)  (2483,213)  (2333,326)  (2519,219)  (2297,334)  (2282,370)  (2246,390)  (2210,422)
Manchuria  (2499,369)  (2463,397)  (2463,361)  (2534,405)  (2499,333)  (2535,362)  (2427,378)  (2570,398)  (2552,441)  (2485,297)  (2521,297)  (2557,269)  (2391,383)  (2382,347)  (2562,233)  (2598,227)  (2507,513)  (2350,394)  (2334,447)  (2314,411)  (2298,448)  (2262,468)
Rhodesia  (1250,1413)  (1286,1420)  (1296,1381)  (1214,1424)  (1278,1456)  (1317,1345)  (1332,1407)  (1295,1492)  (1353,1311)  (1353,1347)  (1307,1309)  (1359,1275)
51  (2954,930)  (2918,965)  (2918,929)  (2989,966)  (2954,894)  (2990,894)  (2990,930)  (2916,893)  (2882,977)  (2882,941)  (3025,966)  (3026,859)  (3026,895)  (2880,905)  (2880,869)  (3061,931)  (3061,967)  (3062,859)  (3062,895)
53  (3075,1241)  (3039,1276)  (3039,1240)  (3096,1277)  (3075,1205)  (3037,1204)  (3060,1312)  (3024,1312)  (3003,1276)  (3003,1240)  (3096,1313)  (3001,1204)  (2988,1327)  (3060,1348)  (3024,1348)  (2967,1291)  (2967,1255)  (3096,1349)  (2965,1219)  (2952,1358)  (2931,1322)  (2931,1286)  (2929,1250)  (2929,1214)  (2916,1358)  (2895,1322)  (2895,1286)  (2893,1250)  (2893,1214)  (2880,1358)  (2859,1322)  (2859,1286)  (2857,1250)  (2857,1214)  (2844,1358)  (2823,1322)  (2823,1286)  (2821,1250)  (2821,1214)  (2808,1358)  (2787,1322)  (2787,1286)  (2785,1250)  (2785,1214)  (2772,1358)  (2751,1322)  (2751,1286)  (2749,1250)  (2749,1214)  (2736,1358)  (2715,1322)  (2715,1286)
54  (3012,1434)  (2976,1469)  (2976,1433)  (3047,1470)  (3012,1398)  (3048,1398)  (3048,1434)  (2974,1397)  (3011,1505)  (2975,1505)  (2940,1469)  (2940,1433)  (3083,1470)  (3083,1506)  (3047,1506)  (3084,1394)  (3084,1430)  (2938,1397)  (3011,1541)  (2975,1541)  (3096,1542)  (3060,1542)  (2902,1428)  (3024,1577)  (3096,1578)  (3060,1578)  (3024,1613)  (3096,1614)  (3060,1614)
50  (2705,921)  (2669,956)  (2669,920)  (2740,957)  (2705,885)  (2741,885)  (2741,921)  (2667,884)  (2633,977)  (2633,941)  (2776,957)  (2777,859)  (2777,895)  (2631,905)  (2631,869)  (2597,977)  (2597,941)  (2812,931)  (2812,967)  (2813,859)  (2813,895)  (2595,905)  (2595,869)